8.625230420939288933e+00 5.000000000000000000e+02
1.037081365431367708e+01 2.500000000000000000e+02
1.168279470010206822e+01 1.666666666666666572e+02
1.274466101065330292e+01 1.250000000000000000e+02
1.132902802354442251e+01 1.000000000000000000e+02
1.158891817621179143e+01 8.333333333333332860e+01
1.188259850317813715e+01 7.142857142857143060e+01
1.358158220739149513e+01 6.250000000000000000e+01
1.227291373511897277e+01 5.555555555555555713e+01
1.406126726118908543e+01 5.000000000000000000e+01
1.379223129949318327e+01 4.545454545454545325e+01
1.422652636999380960e+01 4.166666666666666430e+01
1.568251940538706890e+01 3.846153846153845990e+01
1.765393652189413132e+01 3.571428571428571530e+01
2.019219247226871872e+01 3.333333333333333570e+01
2.320166529969683467e+01 3.125000000000000000e+01
2.028232218947754006e+01 2.941176470588235148e+01
1.894866495849860399e+01 2.777777777777777857e+01
2.071992838384056057e+01 2.631578947368420884e+01
2.197693161254191807e+01 2.500000000000000000e+01
2.438753993622104588e+01 2.380952380952381020e+01
2.364632425735939236e+01 2.272727272727272663e+01
2.073762175579414802e+01 2.173913043478260931e+01
2.120554454416556567e+01 2.083333333333333215e+01
2.314663424304375638e+01 2.000000000000000000e+01
2.361728034988660596e+01 1.923076923076922995e+01
2.097518271387143329e+01 1.851851851851851904e+01
1.890484757525062420e+01 1.785714285714285765e+01
1.437685331315761061e+01 1.724137931034482918e+01
1.122294069340456879e+01 1.666666666666666785e+01
9.221341131213202758e+00 1.612903225806451601e+01
8.037617110417919264e+00 1.562500000000000000e+01
8.028757161687266830e+00 1.515151515151515227e+01
7.846801715976797098e+00 1.470588235294117574e+01
7.352489163678935569e+00 1.428571428571428648e+01
7.182895166147993393e+00 1.388888888888888928e+01
6.657060243127790322e+00 1.351351351351351404e+01
7.593009252192285174e+00 1.315789473684210442e+01
7.532890349382698858e+00 1.282051282051282115e+01
7.647405606384056753e+00 1.250000000000000000e+01
7.262353490849374538e+00 1.219512195121951237e+01
6.747618232756682488e+00 1.190476190476190510e+01
7.222743383548001717e+00 1.162790697674418539e+01
6.661878463029754727e+00 1.136363636363636331e+01
6.117408336953681136e+00 1.111111111111111072e+01
5.784062012683605758e+00 1.086956521739130466e+01
5.635705206462711558e+00 1.063829787234042534e+01
5.945099327480676266e+00 1.041666666666666607e+01
5.928890412691379730e+00 1.020408163265306101e+01
5.682542885097938701e+00 1.000000000000000000e+01
5.379220277140333906e+00 9.803921568627451677e+00
5.725387050892816632e+00 9.615384615384614975e+00
5.393669135941051351e+00 9.433962264150943966e+00
5.250196402769768511e+00 9.259259259259259522e+00
5.120700541783486770e+00 9.090909090909091717e+00
4.662550723765153116e+00 8.928571428571428825e+00
4.943249120440991184e+00 8.771929824561404132e+00
5.518514191696982429e+00 8.620689655172414589e+00
5.570881765347120762e+00 8.474576271186441190e+00
5.392756349583210707e+00 8.333333333333333925e+00
6.083494167744922798e+00 8.196721311475409166e+00
6.319392264287877481e+00 8.064516129032258007e+00
6.295466252555142361e+00 7.936507936507936734e+00
6.524132892631716807e+00 7.812500000000000000e+00
6.663286268026258341e+00 7.692307692307692513e+00
6.836256220423083896e+00 7.575757575757576134e+00
6.674251718512956622e+00 7.462686567164179330e+00
6.828695435132629221e+00 7.352941176470587870e+00
7.513192084936687110e+00 7.246376811594203105e+00
7.887592216767865594e+00 7.142857142857143238e+00
7.911980335011117305e+00 7.042253521126760951e+00
8.138187192130757808e+00 6.944444444444444642e+00
7.459582391647589183e+00 6.849315068493150527e+00
8.435094086604030039e+00 6.756756756756757021e+00
7.959497605117119789e+00 6.666666666666666963e+00
8.422639013408991460e+00 6.578947368421052211e+00
9.151126252638059455e+00 6.493506493506493449e+00
8.617526013698078913e+00 6.410256410256410575e+00
8.563401461113585356e+00 6.329113924050632889e+00
8.916756816648875983e+00 6.250000000000000000e+00
9.655960437235313165e+00 6.172839506172839386e+00
9.843503098431863663e+00 6.097560975609756184e+00
1.033165321306732487e+01 6.024096385542168974e+00
9.662409413598384234e+00 5.952380952380952550e+00
1.020664816627118654e+01 5.882352941176471006e+00
9.463227517720579129e+00 5.813953488372092693e+00
9.518623545487052695e+00 5.747126436781608838e+00
9.490604594799968652e+00 5.681818181818181657e+00
9.510722487473570297e+00 5.617977528089888040e+00
1.013128761654813736e+01 5.555555555555555358e+00
1.003505675508024808e+01 5.494505494505494525e+00
1.001746471624448986e+01 5.434782608695652328e+00
9.579614994465879718e+00 5.376344086021505042e+00
8.919787981112731856e+00 5.319148936170212671e+00
9.558647550689455485e+00 5.263157894736842479e+00
9.311315321589681560e+00 5.208333333333333037e+00
9.258390059930768246e+00 5.154639175257732298e+00
8.701952860047713401e+00 5.102040816326530503e+00
9.027089434948806002e+00 5.050505050505050164e+00
8.961783984927972568e+00 5.000000000000000000e+00
9.166363055103142088e+00 4.950495049504950451e+00
9.850732943048978285e+00 4.901960784313725839e+00
9.615961699705685817e+00 4.854368932038834572e+00
9.116954005044867415e+00 4.807692307692307487e+00
9.693902674991045743e+00 4.761904761904761862e+00
9.380551073547122698e+00 4.716981132075471983e+00
9.069431189716736341e+00 4.672897196261682318e+00
8.758592120733460717e+00 4.629629629629629761e+00
9.946697637829256422e+00 4.587155963302752326e+00
9.587718716003390540e+00 4.545454545454545858e+00
9.994908538956440935e+00 4.504504504504504681e+00
1.007362716509859268e+01 4.464285714285714413e+00
9.906645046653649089e+00 4.424778761061946675e+00
9.537178566669165747e+00 4.385964912280702066e+00
9.753404123306280482e+00 4.347826086956521507e+00
1.018900516181079041e+01 4.310344827586207295e+00
1.004739812913135921e+01 4.273504273504273421e+00
9.691104028000843584e+00 4.237288135593220595e+00
9.900891586447631454e+00 4.201680672268907735e+00
9.717685037586839769e+00 4.166666666666666963e+00
9.457202090136757278e+00 4.132231404958677246e+00
1.090510708099959025e+01 4.098360655737704583e+00
1.044292187639793568e+01 4.065040650406504419e+00
9.644753531600819940e+00 4.032258064516129004e+00
9.820790718219113202e+00 4.000000000000000000e+00
1.004145536318553233e+01 3.968253968253968367e+00
1.028144715587830937e+01 3.937007874015748143e+00
1.061740823843207515e+01 3.906250000000000000e+00
